 &plot nbnd=  16, nks=   181 /
            0.500000  0.500000  0.500000
   -8.150   -8.052   -8.052   -7.988   -7.988   -4.255    0.071    5.568    5.568    7.706
   11.345   11.345   14.525   17.148   18.699   18.699
            0.487500  0.487500  0.487500
   -8.150   -8.052   -8.052   -7.988   -7.988   -4.259    0.079    5.569    5.569    7.707
   11.346   11.346   14.525   17.117   18.649   18.649
            0.475000  0.475000  0.475000
   -8.149   -8.052   -8.052   -7.989   -7.989   -4.273    0.104    5.573    5.573    7.711
   11.348   11.348   14.527   17.030   18.521   18.521
            0.462500  0.462500  0.462500
   -8.149   -8.052   -8.052   -7.989   -7.989   -4.296    0.145    5.579    5.579    7.717
   11.351   11.351   14.529   16.900   18.349   18.349
            0.450000  0.450000  0.450000
   -8.148   -8.052   -8.052   -7.989   -7.989   -4.327    0.202    5.588    5.588    7.726
   11.356   11.356   14.530   16.741   18.155   18.155
            0.437500  0.437500  0.437500
   -8.147   -8.052   -8.052   -7.989   -7.989   -4.366    0.273    5.599    5.599    7.738
   11.362   11.362   14.529   16.566   17.953   17.953
            0.425000  0.425000  0.425000
   -8.146   -8.052   -8.052   -7.989   -7.989   -4.411    0.358    5.613    5.613    7.751
   11.369   11.369   14.524   16.384   17.750   17.750
            0.412500  0.412500  0.412500
   -8.145   -8.053   -8.053   -7.989   -7.989   -4.462    0.457    5.628    5.628    7.768
   11.376   11.376   14.513   16.204   17.549   17.549
            0.400000  0.400000  0.400000
   -8.143   -8.053   -8.053   -7.990   -7.990   -4.519    0.568    5.647    5.647    7.787
   11.383   11.383   14.490   16.033   17.353   17.353
            0.387500  0.387500  0.387500
   -8.142   -8.053   -8.053   -7.990   -7.990   -4.579    0.690    5.667    5.667    7.808
   11.391   11.391   14.451   15.880   17.163   17.163
            0.375000  0.375000  0.375000
   -8.140   -8.054   -8.054   -7.990   -7.990   -4.643    0.823    5.690    5.690    7.831
   11.397   11.397   14.389   15.751   16.981   16.981
            0.362500  0.362500  0.362500
   -8.138   -8.054   -8.054   -7.990   -7.990   -4.709    0.965    5.715    5.715    7.857
   11.403   11.403   14.298   15.653   16.808   16.808
            0.350000  0.350000  0.350000
   -8.136   -8.055   -8.055   -7.991   -7.991   -4.777    1.116    5.743    5.743    7.884
   11.407   11.407   14.179   15.588   16.644   16.644
            0.337500  0.337500  0.337500
   -8.133   -8.055   -8.055   -7.991   -7.991   -4.847    1.275    5.772    5.772    7.914
   11.409   11.409   14.033   15.555   16.492   16.492
            0.325000  0.325000  0.325000
   -8.131   -8.056   -8.056   -7.991   -7.991   -4.916    1.442    5.804    5.804    7.946
   11.408   11.408   13.866   15.547   16.351   16.351
            0.312500  0.312500  0.312500
   -8.128   -8.056   -8.056   -7.991   -7.991   -4.987    1.615    5.837    5.837    7.979
   11.403   11.403   13.683   15.558   16.222   16.222
            0.300000  0.300000  0.300000
   -8.125   -8.057   -8.057   -7.992   -7.992   -5.056    1.795    5.873    5.873    8.013
   11.395   11.395   13.490   15.585   16.107   16.107
            0.287500  0.287500  0.287500
   -8.123   -8.057   -8.057   -7.992   -7.992   -5.125    1.981    5.910    5.910    8.049
   11.382   11.382   13.291   15.621   16.006   16.006
            0.275000  0.275000  0.275000
   -8.120   -8.058   -8.058   -7.992   -7.992   -5.193    2.172    5.948    5.948    8.086
   11.363   11.363   13.087   15.665   15.919   15.919
            0.262500  0.262500  0.262500
   -8.117   -8.059   -8.059   -7.992   -7.992   -5.259    2.368    5.989    5.989    8.123
   11.340   11.340   12.882   15.712   15.847   15.847
            0.250000  0.250000  0.250000
   -8.114   -8.060   -8.060   -7.992   -7.992   -5.324    2.569    6.030    6.030    8.160
   11.311   11.311   12.677   15.760   15.791   15.791
            0.237500  0.237500  0.237500
   -8.111   -8.060   -8.060   -7.993   -7.993   -5.386    2.774    6.073    6.073    8.197
   11.276   11.276   12.473   15.750   15.750   15.804
            0.225000  0.225000  0.225000
   -8.107   -8.061   -8.061   -7.993   -7.993   -5.447    2.983    6.117    6.117    8.232
   11.236   11.236   12.272   15.725   15.725   15.841
            0.212500  0.212500  0.212500
   -8.104   -8.062   -8.062   -7.993   -7.993   -5.505    3.195    6.162    6.162    8.265
   11.191   11.191   12.074   15.716   15.716   15.864
            0.200000  0.200000  0.200000
   -8.101   -8.063   -8.063   -7.993   -7.993   -5.561    3.410    6.207    6.207    8.295
   11.141   11.141   11.881   15.721   15.721   15.868
            0.187500  0.187500  0.187500
   -8.098   -8.064   -8.064   -7.993   -7.993   -5.613    3.628    6.252    6.252    8.320
   11.087   11.087   11.694   15.741   15.741   15.845
            0.175000  0.175000  0.175000
   -8.095   -8.064   -8.064   -7.993   -7.993   -5.663    3.848    6.298    6.298    8.338
   11.030   11.030   11.514   15.776   15.776   15.792
            0.162500  0.162500  0.162500
   -8.092   -8.065   -8.065   -7.993   -7.993   -5.710    4.071    6.343    6.343    8.348
   10.971   10.971   11.344   15.706   15.822   15.822
            0.150000  0.150000  0.150000
   -8.090   -8.066   -8.066   -7.993   -7.993   -5.754    4.294    6.387    6.387    8.348
   10.910   10.910   11.185   15.594   15.882   15.882
            0.137500  0.137500  0.137500
   -8.087   -8.067   -8.067   -7.993   -7.993   -5.795    4.520    6.431    6.431    8.334
   10.850   10.850   11.039   15.462   15.952   15.952
            0.125000  0.125000  0.125000
   -8.084   -8.067   -8.067   -7.993   -7.993   -5.833    4.745    6.473    6.473    8.305
   10.790   10.790   10.908   15.319   16.032   16.032
            0.112500  0.112500  0.112500
   -8.082   -8.068   -8.068   -7.993   -7.993   -5.867    4.972    6.512    6.512    8.258
   10.732   10.732   10.794   15.172   16.121   16.121
            0.100000  0.100000  0.100000
   -8.080   -8.069   -8.069   -7.993   -7.993   -5.898    5.197    6.550    6.550    8.192
   10.677   10.677   10.698   15.028   16.218   16.218
            0.087500  0.087500  0.087500
   -8.078   -8.069   -8.069   -7.993   -7.993   -5.925    5.422    6.585    6.585    8.106
   10.621   10.625   10.625   14.891   16.320   16.320
            0.075000  0.075000  0.075000
   -8.076   -8.070   -8.070   -7.993   -7.993   -5.949    5.644    6.616    6.616    7.999
   10.560   10.579   10.579   14.765   16.426   16.426
            0.062500  0.062500  0.062500
   -8.074   -8.070   -8.070   -7.993   -7.993   -5.969    5.864    6.643    6.643    7.875
   10.515   10.537   10.537   14.654   16.533   16.533
            0.050000  0.050000  0.050000
   -8.073   -8.070   -8.070   -7.993   -7.993   -5.985    6.079    6.666    6.666    7.736
   10.483   10.503   10.503   14.559   16.638   16.638
            0.037500  0.037500  0.037500
   -8.072   -8.071   -8.071   -7.993   -7.993   -5.998    6.285    6.685    6.685    7.586
   10.461   10.475   10.475   14.483   16.734   16.734
            0.025000  0.025000  0.025000
   -8.071   -8.071   -8.071   -7.993   -7.993   -6.008    6.478    6.698    6.698    7.433
   10.448   10.455   10.455   14.427   16.813   16.813
            0.012500  0.012500  0.012500
   -8.071   -8.071   -8.071   -7.993   -7.993   -6.013    6.637    6.706    6.706    7.297
   10.441   10.443   10.443   14.393   16.867   16.867
            0.000000  0.000000  0.000000
   -8.071   -8.071   -8.071   -7.993   -7.993   -6.015    6.709    6.709    6.709    7.233
   10.438   10.438   10.438   14.382   16.886   16.886
            0.016667  0.000000  0.000000
   -8.071   -8.071   -8.071   -7.993   -7.993   -6.014    6.669    6.705    6.705    7.273
   10.434   10.444   10.444   14.389   16.862   16.888
            0.033333  0.000000  0.000000
   -8.071   -8.071   -8.071   -7.993   -7.993   -6.011    6.571    6.694    6.694    7.370
   10.422   10.459   10.459   14.409   16.794   16.891
            0.050000  0.000000  0.000000
   -8.072   -8.071   -8.071   -7.993   -7.993   -6.005    6.448    6.675    6.675    7.492
   10.402   10.485   10.485   14.442   16.691   16.897
            0.066667  0.000000  0.000000
   -8.073   -8.070   -8.070   -7.993   -7.993   -5.997    6.313    6.649    6.649    7.626
   10.374   10.520   10.520   14.488   16.563   16.905
            0.083333  0.000000  0.000000
   -8.074   -8.070   -8.070   -7.993   -7.993   -5.988    6.173    6.617    6.617    7.764
   10.339   10.565   10.565   14.545   16.418   16.916
            0.100000  0.000000  0.000000
   -8.075   -8.070   -8.070   -7.994   -7.993   -5.976    6.029    6.579    6.579    7.904
   10.298   10.618   10.618   14.614   16.263   16.928
            0.116667  0.000000  0.000000
   -8.076   -8.069   -8.069   -7.994   -7.993   -5.961    5.885    6.535    6.535    8.045
   10.252   10.680   10.680   14.694   16.101   16.943
            0.133333  0.000000  0.000000
   -8.077   -8.069   -8.069   -7.994   -7.993   -5.945    5.739    6.486    6.486    8.186
   10.201   10.750   10.750   14.782   15.937   16.961
            0.150000  0.000000  0.000000
   -8.079   -8.068   -8.068   -7.994   -7.992   -5.927    5.593    6.433    6.433    8.325
   10.146   10.827   10.827   14.877   15.774   16.981
            0.166667  0.000000  0.000000
   -8.081   -8.068   -8.068   -7.994   -7.992   -5.906    5.447    6.376    6.376    8.462
   10.089   10.910   10.910   14.977   15.616   17.003
            0.183333  0.000000  0.000000
   -8.083   -8.067   -8.067   -7.995   -7.992   -5.883    5.300    6.316    6.316    8.596
   10.030   10.999   10.999   15.071   15.474   17.028
            0.200000  0.000000  0.000000
   -8.085   -8.066   -8.066   -7.995   -7.992   -5.859    5.154    6.252    6.252    8.726
    9.970   11.094   11.094   15.115   15.392   17.055
            0.216667  0.000000  0.000000
   -8.087   -8.066   -8.066   -7.995   -7.992   -5.832    5.008    6.187    6.187    8.850
    9.911   11.193   11.193   15.043   15.438   17.084
            0.233333  0.000000  0.000000
   -8.090   -8.065   -8.065   -7.996   -7.991   -5.803    4.863    6.119    6.119    8.967
    9.855   11.298   11.298   14.916   15.550   17.115
            0.250000  0.000000  0.000000
   -8.092   -8.064   -8.064   -7.996   -7.991   -5.772    4.718    6.050    6.050    9.072
    9.805   11.406   11.406   14.781   15.683   17.148
            0.266667  0.000000  0.000000
   -8.095   -8.063   -8.063   -7.996   -7.991   -5.739    4.573    5.980    5.980    9.161
    9.765   11.518   11.518   14.650   15.826   17.185
            0.283333  0.000000  0.000000
   -8.097   -8.062   -8.062   -7.997   -7.990   -5.704    4.429    5.910    5.910    9.225
    9.745   11.634   11.634   14.526   15.975   17.223
            0.300000  0.000000  0.000000
   -8.100   -8.061   -8.061   -7.997   -7.990   -5.668    4.286    5.838    5.838    9.256
    9.750   11.752   11.752   14.411   16.130   17.264
            0.316667  0.000000  0.000000
   -8.103   -8.060   -8.060   -7.998   -7.990   -5.629    4.143    5.767    5.767    9.254
    9.781   11.873   11.873   14.307   16.290   17.306
            0.333333  0.000000  0.000000
   -8.105   -8.059   -8.059   -7.998   -7.990   -5.588    4.000    5.695    5.695    9.226
    9.829   11.997   11.997   14.215   16.453   17.351
            0.350000  0.000000  0.000000
   -8.108   -8.058   -8.058   -7.999   -7.989   -5.546    3.859    5.624    5.624    9.183
    9.883   12.124   12.124   14.137   16.621   17.398
            0.366667  0.000000  0.000000
   -8.111   -8.057   -8.057   -7.999   -7.989   -5.502    3.718    5.553    5.553    9.133
    9.935   12.252   12.252   14.074   16.791   17.448
            0.383333  0.000000  0.000000
   -8.114   -8.056   -8.056   -8.000   -7.989   -5.456    3.577    5.483    5.483    9.078
    9.980   12.382   12.382   14.027   16.964   17.500
            0.400000  0.000000  0.000000
   -8.117   -8.054   -8.054   -8.001   -7.988   -5.408    3.438    5.413    5.413    9.020
   10.016   12.514   12.514   13.997   17.139   17.553
            0.416667  0.000000  0.000000
   -8.120   -8.053   -8.053   -8.001   -7.988   -5.359    3.299    5.344    5.344    8.963
   10.040   12.648   12.648   13.985   17.316   17.610
            0.433333  0.000000  0.000000
   -8.123   -8.052   -8.052   -8.002   -7.987   -5.308    3.161    5.276    5.276    8.905
   10.052   12.783   12.783   13.989   17.496   17.668
            0.450000  0.000000  0.000000
   -8.126   -8.051   -8.051   -8.003   -7.987   -5.256    3.024    5.210    5.210    8.849
   10.052   12.919   12.919   14.011   17.676   17.729
            0.466667  0.000000  0.000000
   -8.129   -8.049   -8.049   -8.003   -7.987   -5.201    2.888    5.144    5.144    8.793
   10.040   13.057   13.057   14.049   17.792   17.857
            0.483333  0.000000  0.000000
   -8.131   -8.048   -8.048   -8.004   -7.986   -5.146    2.752    5.080    5.080    8.739
   10.017   13.196   13.196   14.103   17.857   18.039
            0.500000  0.000000  0.000000
   -8.134   -8.047   -8.047   -8.005   -7.986   -5.089    2.618    5.018    5.018    8.686
    9.984   13.336   13.336   14.172   17.925   18.221
            0.516667  0.000000  0.000000
   -8.137   -8.045   -8.045   -8.005   -7.986   -5.031    2.485    4.957    4.957    8.636
    9.942   13.476   13.476   14.253   17.994   18.402
            0.533333  0.000000  0.000000
   -8.140   -8.044   -8.044   -8.006   -7.985   -4.971    2.353    4.897    4.897    8.587
    9.892   13.618   13.618   14.346   18.066   18.582
            0.550000  0.000000  0.000000
   -8.142   -8.043   -8.043   -8.007   -7.985   -4.910    2.223    4.839    4.839    8.540
    9.836   13.760   13.760   14.450   18.140   18.760
            0.566667  0.000000  0.000000
   -8.145   -8.042   -8.042   -8.007   -7.985   -4.848    2.093    4.783    4.783    8.495
    9.775   13.902   13.902   14.562   18.215   18.936
            0.583333  0.000000  0.000000
   -8.148   -8.040   -8.040   -8.008   -7.984   -4.785    1.966    4.728    4.728    8.453
    9.710   14.046   14.046   14.683   18.294   19.108
            0.600000  0.000000  0.000000
   -8.150   -8.039   -8.039   -8.009   -7.984   -4.722    1.839    4.676    4.676    8.413
    9.641   14.190   14.190   14.810   18.373   19.277
            0.616667  0.000000  0.000000
   -8.153   -8.038   -8.038   -8.009   -7.983   -4.657    1.715    4.625    4.625    8.375
    9.571   14.334   14.334   14.942   18.455   19.440
            0.633333  0.000000  0.000000
   -8.155   -8.037   -8.037   -8.010   -7.983   -4.592    1.592    4.576    4.576    8.340
    9.499   14.478   14.478   15.080   18.539   19.596
            0.650000  0.000000  0.000000
   -8.157   -8.035   -8.035   -8.011   -7.983   -4.526    1.471    4.529    4.529    8.307
    9.426   14.622   14.622   15.221   18.624   19.744
            0.666667  0.000000  0.000000
   -8.159   -8.034   -8.034   -8.011   -7.982   -4.460    1.352    4.484    4.484    8.277
    9.353   14.766   14.766   15.365   18.712   19.883
            0.683333  0.000000  0.000000
   -8.161   -8.033   -8.033   -8.012   -7.982   -4.393    1.236    4.440    4.440    8.249
    9.281   14.910   14.910   15.512   18.800   20.011
            0.700000  0.000000  0.000000
   -8.163   -8.032   -8.032   -8.013   -7.982   -4.327    1.122    4.399    4.399    8.224
    9.209   15.053   15.053   15.661   18.891   20.127
            0.716667  0.000000  0.000000
   -8.165   -8.031   -8.031   -8.013   -7.982   -4.261    1.010    4.360    4.360    8.201
    9.138   15.196   15.196   15.810   18.982   20.228
            0.733333  0.000000  0.000000
   -8.167   -8.030   -8.030   -8.014   -7.981   -4.195    0.902    4.323    4.323    8.181
    9.069   15.337   15.337   15.961   19.075   20.313
            0.750000  0.000000  0.000000
   -8.169   -8.029   -8.029   -8.014   -7.981   -4.130    0.797    4.289    4.289    8.163
    9.002   15.478   15.478   16.111   19.169   20.381
            0.766667  0.000000  0.000000
   -8.171   -8.028   -8.028   -8.015   -7.981   -4.066    0.695    4.256    4.256    8.149
    8.936   15.617   15.617   16.261   19.264   20.431
            0.783333  0.000000  0.000000
   -8.172   -8.027   -8.027   -8.015   -7.980   -4.003    0.598    4.225    4.225    8.137
    8.873   15.754   15.754   16.409   19.359   20.463
            0.800000  0.000000  0.000000
   -8.173   -8.026   -8.026   -8.016   -7.980   -3.943    0.504    4.197    4.197    8.127
    8.812   15.889   15.889   16.556   19.454   20.477
            0.816667  0.000000  0.000000
   -8.175   -8.026   -8.026   -8.016   -7.980   -3.884    0.415    4.171    4.171    8.120
    8.753   16.020   16.020   16.700   19.549   20.474
            0.833333  0.000000  0.000000
   -8.176   -8.025   -8.025   -8.017   -7.980   -3.828    0.332    4.147    4.147    8.116
    8.698   16.148   16.148   16.840   19.643   20.457
            0.850000  0.000000  0.000000
   -8.177   -8.024   -8.024   -8.017   -7.980   -3.774    0.254    4.126    4.126    8.115
    8.645   16.271   16.271   16.975   19.735   20.426
            0.866667  0.000000  0.000000
   -8.178   -8.024   -8.024   -8.017   -7.980   -3.725    0.182    4.106    4.106    8.115
    8.595   16.387   16.387   17.105   19.824   20.385
            0.883333  0.000000  0.000000
   -8.179   -8.023   -8.023   -8.017   -7.979   -3.679    0.117    4.089    4.089    8.119
    8.548   16.497   16.497   17.227   19.910   20.337
            0.900000  0.000000  0.000000
   -8.180   -8.023   -8.023   -8.018   -7.979   -3.638    0.059    4.074    4.074    8.125
    8.505   16.598   16.598   17.341   19.991   20.286
            0.916667  0.000000  0.000000
   -8.180   -8.022   -8.022   -8.018   -7.979   -3.603    0.009    4.061    4.061    8.132
    8.465   16.688   16.688   17.443   20.065   20.233
            0.933333  0.000000  0.000000
   -8.181   -8.022   -8.022   -8.018   -7.979   -3.572   -0.033    4.051    4.051    8.141
    8.430   16.766   16.766   17.531   20.130   20.183
            0.950000  0.000000  0.000000
   -8.181   -8.022   -8.022   -8.018   -7.979   -3.548   -0.066    4.043    4.043    8.150
    8.400   16.829   16.829   17.604   20.140   20.183
            0.966667  0.000000  0.000000
   -8.182   -8.022   -8.022   -8.018   -7.979   -3.531   -0.090    4.037    4.037    8.160
    8.376   16.876   16.876   17.659   20.106   20.224
            0.983333  0.000000  0.000000
   -8.182   -8.022   -8.022   -8.018   -7.979   -3.520   -0.105    4.034    4.034    8.166
    8.360   16.905   16.905   17.692   20.084   20.217
            1.000000  0.000000  0.000000
   -8.182   -8.022   -8.022   -8.018   -7.979   -3.517   -0.110    4.033    4.033    8.169
    8.355   16.915   16.915   17.704   20.077   20.205
            1.002500 -0.015000  0.015000
   -8.182   -8.022   -8.022   -8.018   -7.979   -3.517   -0.109    4.023    4.034    8.177
    8.364   16.890   16.901   17.704   19.973   20.088
            1.005000 -0.030000  0.030000
   -8.182   -8.022   -8.022   -8.018   -7.979   -3.516   -0.106    3.994    4.039    8.200
    8.397   16.821   16.860   17.698   19.856   19.942
            1.007500 -0.045000  0.045000
   -8.181   -8.023   -8.022   -8.018   -7.979   -3.515   -0.102    3.947    4.047    8.227
    8.459   16.718   16.795   17.674   19.776   19.788
            1.010000 -0.060000  0.060000
   -8.181   -8.023   -8.022   -8.017   -7.979   -3.514   -0.096    3.884    4.058    8.253
    8.554   16.591   16.707   17.621   19.625   19.740
            1.012500 -0.075000  0.075000
   -8.180   -8.024   -8.022   -8.016   -7.980   -3.513   -0.089    3.810    4.072    8.276
    8.681   16.448   16.600   17.536   19.457   19.748
            1.015000 -0.090000  0.090000
   -8.180   -8.025   -8.022   -8.016   -7.980   -3.512   -0.080    3.726    4.090    8.299
    8.835   16.294   16.477   17.421   19.283   19.793
            1.017500 -0.105000  0.105000
   -8.179   -8.026   -8.023   -8.015   -7.980   -3.511   -0.070    3.635    4.110    8.324
    9.011   16.132   16.341   17.281   19.106   19.869
            1.020000 -0.120000  0.120000
   -8.179   -8.026   -8.023   -8.014   -7.981   -3.511   -0.059    3.541    4.134    8.350
    9.207   15.965   16.195   17.123   18.926   19.966
            1.022500 -0.135000  0.135000
   -8.178   -8.027   -8.024   -8.014   -7.981   -3.511   -0.046    3.446    4.160    8.378
    9.418   15.795   16.041   16.953   18.745   20.079
            1.025000 -0.150000  0.150000
   -8.177   -8.028   -8.024   -8.013   -7.981   -3.512   -0.032    3.351    4.190    8.408
    9.644   15.624   15.880   16.775   18.563   20.200
            1.027500 -0.165000  0.165000
   -8.176   -8.029   -8.025   -8.012   -7.982   -3.515   -0.018    3.260    4.222    8.441
    9.881   15.452   15.715   16.594   18.383   20.326
            1.030000 -0.180000  0.180000
   -8.175   -8.031   -8.025   -8.011   -7.983   -3.519   -0.002    3.173    4.257    8.477
   10.128   15.280   15.547   16.410   18.203   20.453
            1.032500 -0.195000  0.195000
   -8.174   -8.032   -8.026   -8.010   -7.983   -3.524    0.015    3.093    4.296    8.515
   10.383   15.110   15.377   16.227   18.026   20.578
            1.035000 -0.210000  0.210000
   -8.173   -8.033   -8.027   -8.009   -7.984   -3.532    0.033    3.020    4.336    8.555
   10.645   14.943   15.206   16.046   17.851   20.696
            1.037500 -0.225000  0.225000
   -8.172   -8.034   -8.027   -8.008   -7.984   -3.542    0.052    2.955    4.380    8.598
   10.910   14.780   15.034   15.868   17.678   20.804
            1.040000 -0.240000  0.240000
   -8.171   -8.035   -8.028   -8.007   -7.985   -3.556    0.072    2.900    4.426    8.643
   11.178   14.623   14.862   15.694   17.509   20.898
            1.042500 -0.255000  0.255000
   -8.170   -8.036   -8.029   -8.006   -7.986   -3.572    0.094    2.854    4.474    8.689
   11.444   14.474   14.691   15.525   17.344   20.969
            1.045000 -0.270000  0.270000
   -8.168   -8.037   -8.030   -8.005   -7.986   -3.592    0.118    2.819    4.525    8.738
   11.704   14.335   14.522   15.363   17.182   21.007
            1.047500 -0.285000  0.285000
   -8.167   -8.038   -8.031   -8.004   -7.987   -3.616    0.143    2.794    4.578    8.788
   11.952   14.213   14.354   15.210   17.024   20.999
            1.050000 -0.300000  0.300000
   -8.166   -8.039   -8.032   -8.003   -7.987   -3.643    0.171    2.780    4.633    8.839
   12.178   14.112   14.188   15.069   16.871   20.938
            1.049167 -0.311667  0.311667
   -8.165   -8.040   -8.032   -8.002   -7.988   -3.666    0.195    2.773    4.676    8.879
   12.331   14.068   14.075   14.948   16.745   20.883
            1.048333 -0.323333  0.323333
   -8.164   -8.040   -8.033   -8.001   -7.988   -3.692    0.221    2.772    4.721    8.919
   12.458   13.949   14.055   14.843   16.623   20.810
            1.047500 -0.335000  0.335000
   -8.163   -8.041   -8.034   -8.001   -7.989   -3.720    0.250    2.776    4.767    8.959
   12.553   13.831   14.047   14.766   16.503   20.725
            1.046667 -0.346667  0.346667
   -8.162   -8.042   -8.035   -8.000   -7.989   -3.751    0.282    2.787    4.813    9.000
   12.612   13.715   14.035   14.735   16.386   20.633
            1.045833 -0.358333  0.358333
   -8.161   -8.042   -8.035   -7.999   -7.990   -3.786    0.318    2.803    4.861    9.040
   12.639   13.601   13.998   14.769   16.272   20.536
            1.045000 -0.370000  0.370000
   -8.160   -8.043   -8.036   -7.998   -7.990   -3.822    0.356    2.824    4.910    9.080
   12.640   13.488   13.930   14.867   16.161   20.436
            1.044167 -0.381667  0.381667
   -8.159   -8.043   -8.037   -7.998   -7.991   -3.862    0.399    2.851    4.959    9.120
   12.621   13.378   13.839   15.014   16.054   20.336
            1.043333 -0.393333  0.393333
   -8.158   -8.044   -8.038   -7.997   -7.991   -3.904    0.445    2.883    5.010    9.159
   12.589   13.269   13.735   15.194   15.950   20.235
            1.042500 -0.405000  0.405000
   -8.157   -8.044   -8.039   -7.996   -7.992   -3.948    0.495    2.919    5.060    9.197
   12.548   13.161   13.626   15.395   15.850   20.136
            1.041667 -0.416667  0.416667
   -8.156   -8.045   -8.039   -7.996   -7.992   -3.995    0.548    2.960    5.112    9.234
   12.502   13.056   13.513   15.609   15.753   20.037
            1.040833 -0.428333  0.428333
   -8.155   -8.045   -8.040   -7.995   -7.992   -4.044    0.606    3.006    5.164    9.269
   12.453   12.953   13.400   15.660   15.831   19.941
            1.040000 -0.440000  0.440000
   -8.154   -8.046   -8.041   -7.994   -7.993   -4.094    0.667    3.056    5.216    9.303
   12.403   12.852   13.289   15.571   16.056   19.846
            1.039167 -0.451667  0.451667
   -8.153   -8.046   -8.042   -7.994   -7.993   -4.146    0.733    3.110    5.269    9.334
   12.353   12.753   13.179   15.486   16.281   19.754
            1.038333 -0.463333  0.463333
   -8.151   -8.046   -8.043   -7.993   -7.993   -4.200    0.802    3.168    5.322    9.362
   12.305   12.655   13.072   15.405   16.501   19.663
            1.037500 -0.475000  0.475000
   -8.150   -8.047   -8.044   -7.994   -7.993   -4.255    0.875    3.229    5.375    9.388
   12.257   12.560   12.969   15.329   16.714   19.573
            1.036667 -0.486667  0.486667
   -8.149   -8.047   -8.045   -7.994   -7.993   -4.312    0.952    3.294    5.429    9.410
   12.210   12.467   12.872   15.257   16.913   19.481
            1.035833 -0.498333  0.498333
   -8.147   -8.048   -8.046   -7.994   -7.992   -4.369    1.033    3.363    5.482    9.429
   12.163   12.376   12.780   15.189   17.094   19.384
            1.035000 -0.510000  0.510000
   -8.146   -8.048   -8.046   -7.995   -7.992   -4.427    1.117    3.434    5.535    9.444
   12.116   12.287   12.696   15.126   17.251   19.277
            1.034167 -0.521667  0.521667
   -8.144   -8.049   -8.047   -7.995   -7.992   -4.485    1.205    3.509    5.587    9.455
   12.067   12.200   12.621   15.067   17.378   19.159
            1.033333 -0.533333  0.533333
   -8.143   -8.049   -8.048   -7.995   -7.991   -4.544    1.297    3.587    5.640    9.462
   12.014   12.115   12.556   15.014   17.471   19.026
            1.032500 -0.545000  0.545000
   -8.141   -8.049   -8.049   -7.995   -7.991   -4.603    1.392    3.667    5.692    9.465
   11.957   12.033   12.503   14.965   17.527   18.883
            1.031667 -0.556667  0.556667
   -8.139   -8.050   -8.050   -7.995   -7.991   -4.662    1.491    3.750    5.743    9.464
   11.896   11.952   12.462   14.921   17.547   18.731
            1.030833 -0.568333  0.568333
   -8.137   -8.051   -8.050   -7.995   -7.991   -4.722    1.593    3.835    5.793    9.459
   11.829   11.874   12.432   14.883   17.533   18.576
            1.030000 -0.580000  0.580000
   -8.136   -8.052   -8.051   -7.996   -7.991   -4.780    1.698    3.922    5.843    9.450
   11.759   11.798   12.412   14.850   17.488   18.422
            1.029167 -0.591667  0.591667
   -8.134   -8.053   -8.051   -7.996   -7.991   -4.839    1.807    4.012    5.892    9.437
   11.687   11.723   12.400   14.822   17.418   18.271
            1.028333 -0.603333  0.603333
   -8.132   -8.054   -8.052   -7.996   -7.990   -4.897    1.919    4.104    5.940    9.420
   11.613   11.651   12.394   14.800   17.325   18.126
            1.027500 -0.615000  0.615000
   -8.130   -8.054   -8.052   -7.996   -7.990   -4.954    2.033    4.197    5.987    9.400
   11.539   11.581   12.392   14.784   17.215   17.988
            1.026667 -0.626667  0.626667
   -8.128   -8.055   -8.053   -7.996   -7.990   -5.011    2.151    4.292    6.033    9.377
   11.465   11.513   12.393   14.773   17.092   17.856
            1.025833 -0.638333  0.638333
   -8.125   -8.056   -8.053   -7.996   -7.990   -5.066    2.272    4.389    6.077    9.352
   11.392   11.448   12.394   14.768   16.960   17.729
            1.025000 -0.650000  0.650000
   -8.123   -8.057   -8.054   -7.996   -7.991   -5.121    2.396    4.487    6.120    9.323
   11.320   11.384   12.394   14.768   16.826   17.606
            1.024167 -0.661667  0.661667
   -8.121   -8.058   -8.055   -7.996   -7.991   -5.175    2.522    4.586    6.162    9.293
   11.250   11.322   12.390   14.775   16.693   17.484
            1.023333 -0.673333  0.673333
   -8.119   -8.058   -8.055   -7.996   -7.991   -5.227    2.651    4.686    6.202    9.260
   11.182   11.263   12.382   14.787   16.564   17.362
            1.022500 -0.685000  0.685000
   -8.117   -8.059   -8.056   -7.996   -7.991   -5.279    2.783    4.787    6.241    9.225
   11.117   11.205   12.368   14.805   16.444   17.241
            1.021667 -0.696667  0.696667
   -8.114   -8.060   -8.057   -7.996   -7.991   -5.329    2.917    4.888    6.278    9.188
   11.054   11.150   12.346   14.830   16.334   17.118
            1.020833 -0.708333  0.708333
   -8.112   -8.061   -8.057   -7.996   -7.991   -5.378    3.054    4.990    6.313    9.149
   10.994   11.096   12.314   14.860   16.236   16.993
            1.020000 -0.720000  0.720000
   -8.109   -8.062   -8.058   -7.995   -7.991   -5.425    3.193    5.092    6.347    9.109
   10.936   11.045   12.273   14.897   16.152   16.868
            1.019167 -0.731667  0.731667
   -8.107   -8.062   -8.059   -7.995   -7.991   -5.471    3.334    5.194    6.380    9.066
   10.882   10.996   12.220   14.939   16.083   16.741
            1.018333 -0.743333  0.743333
   -8.105   -8.063   -8.059   -7.995   -7.991   -5.515    3.478    5.295    6.410    9.022
   10.830   10.949   12.157   14.987   16.028   16.614
            1.017500 -0.755000  0.755000
   -8.102   -8.064   -8.060   -7.995   -7.991   -5.558    3.624    5.396    6.439    8.976
   10.782   10.904   12.082   15.041   15.986   16.489
            1.016667 -0.766667  0.766667
   -8.100   -8.064   -8.061   -7.995   -7.992   -5.599    3.772    5.495    6.467    8.928
   10.736   10.861   11.998   15.101   15.952   16.370
            1.015833 -0.778333  0.778333
   -8.098   -8.065   -8.062   -7.995   -7.992   -5.638    3.922    5.593    6.492    8.878
   10.694   10.820   11.905   15.167   15.920   16.264
            1.015000 -0.790000  0.790000
   -8.095   -8.065   -8.062   -7.995   -7.992   -5.675    4.074    5.690    6.516    8.825
   10.656   10.781   11.804   15.238   15.871   16.187
            1.014167 -0.801667  0.801667
   -8.093   -8.066   -8.063   -7.995   -7.992   -5.711    4.227    5.784    6.539    8.769
   10.621   10.744   11.697   15.315   15.793   16.153
            1.013333 -0.813333  0.813333
   -8.091   -8.067   -8.064   -7.994   -7.992   -5.745    4.382    5.877    6.560    8.709
   10.589   10.709   11.587   15.397   15.688   16.157
            1.012500 -0.825000  0.825000
   -8.089   -8.067   -8.065   -7.994   -7.992   -5.777    4.539    5.966    6.579    8.646
   10.561   10.677   11.474   15.485   15.571   16.186
            1.011667 -0.836667  0.836667
   -8.087   -8.068   -8.065   -7.994   -7.992   -5.807    4.697    6.052    6.597    8.579
   10.536   10.646   11.361   15.449   15.577   16.228
            1.010833 -0.848333  0.848333
   -8.085   -8.068   -8.066   -7.994   -7.992   -5.835    4.855    6.135    6.613    8.507
   10.514   10.617   11.249   15.326   15.674   16.281
            1.010000 -0.860000  0.860000
   -8.083   -8.068   -8.067   -7.994   -7.993   -5.862    5.015    6.213    6.628    8.430
   10.496   10.591   11.140   15.206   15.775   16.340
            1.009167 -0.871667  0.871667
   -8.081   -8.069   -8.067   -7.994   -7.993   -5.886    5.176    6.287    6.641    8.347
   10.480   10.567   11.035   15.090   15.880   16.403
            1.008333 -0.883333  0.883333
   -8.079   -8.069   -8.068   -7.994   -7.993   -5.908    5.337    6.357    6.653    8.258
   10.468   10.545   10.937   14.979   15.989   16.468
            1.007500 -0.895000  0.895000
   -8.078   -8.069   -8.068   -7.994   -7.993   -5.928    5.498    6.421    6.664    8.162
   10.458   10.524   10.845   14.875   16.100   16.533
            1.006667 -0.906667  0.906667
   -8.076   -8.070   -8.069   -7.994   -7.993   -5.946    5.659    6.479    6.674    8.061
   10.451   10.506   10.762   14.778   16.213   16.597
            1.005833 -0.918333  0.918333
   -8.075   -8.070   -8.069   -7.993   -7.993   -5.962    5.819    6.532    6.682    7.953
   10.446   10.490   10.687   14.690   16.326   16.657
            1.005000 -0.930000  0.930000
   -8.074   -8.070   -8.070   -7.993   -7.993   -5.976    5.978    6.578    6.689    7.840
   10.442   10.477   10.621   14.611   16.440   16.713
            1.004167 -0.941667  0.941667
   -8.073   -8.070   -8.070   -7.993   -7.993   -5.988    6.134    6.617    6.695    7.722
   10.440   10.465   10.566   14.543   16.549   16.763
            1.003333 -0.953333  0.953333
   -8.072   -8.071   -8.070   -7.993   -7.993   -5.998    6.286    6.650    6.700    7.601
   10.439   10.455   10.520   14.486   16.653   16.806
            1.002500 -0.965000  0.965000
   -8.072   -8.071   -8.071   -7.993   -7.993   -6.005    6.431    6.676    6.704    7.480
   10.438   10.448   10.484   14.441   16.745   16.841
            1.001667 -0.976667  0.976667
   -8.071   -8.071   -8.071   -7.993   -7.993   -6.011    6.563    6.694    6.707    7.365
   10.438   10.443   10.459   14.408   16.820   16.866
            1.000833 -0.988333  0.988333
   -8.071   -8.071   -8.071   -7.993   -7.993   -6.014    6.666    6.705    6.708    7.272
   10.438   10.440   10.444   14.388   16.869   16.881
            1.000000 -1.000000  1.000000
   -8.071   -8.071   -8.071   -7.993   -7.993   -6.015    6.709    6.709    6.709    7.233
   10.438   10.438   10.438   14.382   16.886   16.886
