 &plot nbnd=   8, nks=    91 /
            0.500000  0.500000  0.500000
   -3.418   -0.759    5.017    5.017    7.756    9.556    9.556   13.952
            0.475000  0.475000  0.475000
   -3.453   -0.708    5.021    5.021    7.761    9.561    9.561   13.960
            0.450000  0.450000  0.450000
   -3.552   -0.562    5.035    5.035    7.777    9.577    9.577   13.983
            0.425000  0.425000  0.425000
   -3.697   -0.340    5.057    5.057    7.803    9.601    9.601   14.019
            0.400000  0.400000  0.400000
   -3.870   -0.060    5.089    5.089    7.838    9.632    9.632   14.064
            0.375000  0.375000  0.375000
   -4.056    0.265    5.129    5.129    7.884    9.667    9.667   14.106
            0.350000  0.350000  0.350000
   -4.247    0.624    5.178    5.178    7.940    9.702    9.702   14.120
            0.325000  0.325000  0.325000
   -4.435    1.010    5.235    5.235    8.004    9.732    9.732   14.056
            0.300000  0.300000  0.300000
   -4.617    1.418    5.301    5.301    8.078    9.750    9.750   13.820
            0.275000  0.275000  0.275000
   -4.790    1.845    5.375    5.375    8.159    9.749    9.749   13.534
            0.250000  0.250000  0.250000
   -4.951    2.287    5.456    5.456    8.247    9.722    9.722   13.141
            0.225000  0.225000  0.225000
   -5.099    2.742    5.544    5.544    8.341    9.666    9.666   12.715
            0.200000  0.200000  0.200000
   -5.233    3.206    5.637    5.637    8.438    9.580    9.580   12.274
            0.175000  0.175000  0.175000
   -5.353    3.677    5.734    5.734    8.537    9.468    9.468   11.825
            0.150000  0.150000  0.150000
   -5.457    4.149    5.832    5.832    8.632    9.339    9.339   11.375
            0.125000  0.125000  0.125000
   -5.546    4.617    5.928    5.928    8.719    9.203    9.203   10.933
            0.100000  0.100000  0.100000
   -5.620    5.071    6.019    6.019    8.791    9.071    9.071   10.510
            0.075000  0.075000  0.075000
   -5.677    5.494    6.099    6.099    8.835    8.953    8.953   10.129
            0.050000  0.050000  0.050000
   -5.718    5.860    6.162    6.162    8.838    8.859    8.859    9.828
            0.025000  0.025000  0.025000
   -5.742    6.120    6.204    6.204    8.799    8.799    8.803    9.645
            0.000000  0.000000  0.000000
   -5.751    6.218    6.218    6.218    8.778    8.778    8.778    9.587
            0.033333  0.000000  0.000000
   -5.746    6.184    6.197    6.197    8.766    8.805    8.805    9.620
            0.066667  0.000000  0.000000
   -5.731    6.088    6.136    6.136    8.730    8.884    8.884    9.714
            0.100000  0.000000  0.000000
   -5.707    5.938    6.041    6.041    8.673    9.008    9.008    9.857
            0.133333  0.000000  0.000000
   -5.673    5.746    5.923    5.923    8.596    9.169    9.169   10.034
            0.166667  0.000000  0.000000
   -5.629    5.524    5.787    5.787    8.504    9.358    9.358   10.226
            0.200000  0.000000  0.000000
   -5.576    5.279    5.640    5.640    8.400    9.571    9.571   10.413
            0.233333  0.000000  0.000000
   -5.513    5.019    5.487    5.487    8.286    9.801    9.801   10.566
            0.266667  0.000000  0.000000
   -5.440    4.746    5.331    5.331    8.167   10.044   10.044   10.649
            0.300000  0.000000  0.000000
   -5.358    4.466    5.176    5.176    8.044   10.299   10.299   10.634
            0.333333  0.000000  0.000000
   -5.266    4.179    5.022    5.022    7.920   10.521   10.563   10.563
            0.366667  0.000000  0.000000
   -5.165    3.888    4.872    4.872    7.798   10.335   10.835   10.835
            0.400000  0.000000  0.000000
   -5.055    3.594    4.726    4.726    7.677   10.108   11.113   11.113
            0.433333  0.000000  0.000000
   -4.935    3.297    4.586    4.586    7.561    9.861   11.397   11.397
            0.466667  0.000000  0.000000
   -4.806    2.998    4.452    4.452    7.451    9.606   11.685   11.685
            0.500000  0.000000  0.000000
   -4.668    2.699    4.324    4.324    7.346    9.351   11.977   11.977
            0.533333  0.000000  0.000000
   -4.521    2.399    4.203    4.203    7.248    9.102   12.272   12.272
            0.566667  0.000000  0.000000
   -4.365    2.099    4.090    4.090    7.159    8.862   12.571   12.571
            0.600000  0.000000  0.000000
   -4.201    1.800    3.984    3.984    7.078    8.632   12.873   12.873
            0.633333  0.000000  0.000000
   -4.027    1.501    3.886    3.886    7.005    8.414   13.178   13.178
            0.666667  0.000000  0.000000
   -3.845    1.204    3.796    3.796    6.943    8.209   13.484   13.484
            0.700000  0.000000  0.000000
   -3.655    0.908    3.714    3.714    6.890    8.018   13.794   13.794
            0.733333  0.000000  0.000000
   -3.457    0.615    3.640    3.640    6.848    7.840   14.105   14.105
            0.766667  0.000000  0.000000
   -3.251    0.324    3.575    3.575    6.817    7.677   14.418   14.418
            0.800000  0.000000  0.000000
   -3.037    0.036    3.519    3.519    6.796    7.527   14.733   14.733
            0.833333  0.000000  0.000000
   -2.815   -0.248    3.470    3.470    6.788    7.392   15.047   15.047
            0.866667  0.000000  0.000000
   -2.587   -0.529    3.431    3.431    6.791    7.271   15.361   15.361
            0.900000  0.000000  0.000000
   -2.351   -0.805    3.400    3.400    6.806    7.165   15.669   15.669
            0.933333  0.000000  0.000000
   -2.108   -1.076    3.378    3.378    6.833    7.071   15.963   15.963
            0.966667  0.000000  0.000000
   -1.859   -1.343    3.365    3.365    6.873    6.992   16.211   16.211
            1.000000  0.000000  0.000000
   -1.604   -1.604    3.361    3.361    6.926    6.926   16.325   16.325
            1.000000  0.025000  0.025000
   -1.606   -1.598    3.323    3.365    6.931    6.981   16.264   16.293
            1.000000  0.050000  0.050000
   -1.613   -1.580    3.218    3.378    6.946    7.141   16.096   16.199
            1.000000  0.075000  0.075000
   -1.626   -1.551    3.063    3.400    6.971    7.388   15.857   16.055
            1.000000  0.100000  0.100000
   -1.645   -1.509    2.879    3.431    7.007    7.702   15.576   15.872
            1.000000  0.125000  0.125000
   -1.673   -1.456    2.683    3.470    7.052    8.068   15.272   15.663
            1.000000  0.150000  0.150000
   -1.712   -1.391    2.489    3.518    7.107    8.473   14.957   15.435
            1.000000  0.175000  0.175000
   -1.764   -1.314    2.308    3.574    7.172    8.910   14.637   15.196
            1.000000  0.200000  0.200000
   -1.831   -1.226    2.147    3.637    7.246    9.371   14.317   14.896
            1.000000  0.225000  0.225000
   -1.915   -1.126    2.013    3.709    7.329    9.852   14.000   14.562
            1.000000  0.250000  0.250000
   -2.018   -1.014    1.910    3.788    7.420   10.348   13.687   14.237
            0.966667  0.241667  0.241667
   -2.021   -1.015    1.954    3.765    7.395   10.187   13.713   14.105
            0.933333  0.233333  0.233333
   -2.107   -0.939    2.028    3.751    7.381   10.039   13.628   13.887
            0.900000  0.225000  0.225000
   -2.253   -0.802    2.125    3.746    7.380    9.905   13.497   13.664
            0.866667  0.216667  0.216667
   -2.433   -0.628    2.243    3.750    7.391    9.787   13.348   13.441
            0.833333  0.208333  0.208333
   -2.631   -0.429    2.378    3.763    7.413    9.685   13.193   13.219
            0.800000  0.200000  0.200000
   -2.836   -0.214    2.527    3.786    7.445    9.600   12.998   13.037
            0.766667  0.191667  0.191667
   -3.045    0.014    2.688    3.818    7.487    9.534   12.779   12.882
            0.733333  0.183333  0.183333
   -3.252    0.253    2.860    3.859    7.535    9.489   12.561   12.727
            0.700000  0.175000  0.175000
   -3.456    0.501    3.039    3.910    7.590    9.467   12.346   12.572
            0.666667  0.166667  0.166667
   -3.656    0.758    3.226    3.970    7.648    9.469   12.133   12.416
            0.633333  0.158333  0.158333
   -3.849    1.023    3.417    4.040    7.708    9.498   11.923   12.258
            0.600000  0.150000  0.150000
   -4.035    1.295    3.612    4.118    7.768    9.554   11.716   12.096
            0.566667  0.141667  0.141667
   -4.213    1.575    3.809    4.206    7.827    9.637   11.513   11.928
            0.533333  0.133333  0.133333
   -4.383    1.862    4.007    4.302    7.884    9.744   11.317   11.752
            0.500000  0.125000  0.125000
   -4.545    2.155    4.205    4.407    7.940    9.871   11.130   11.566
            0.466667  0.116667  0.116667
   -4.697    2.454    4.402    4.520    7.996   10.006   10.961   11.371
            0.433333  0.108333  0.108333
   -4.839    2.759    4.596    4.641    8.052   10.122   10.831   11.164
            0.400000  0.100000  0.100000
   -4.972    3.069    4.770    4.786    8.110   10.167   10.786   10.948
            0.366667  0.091667  0.091667
   -5.095    3.384    4.905    4.971    8.172   10.105   10.723   10.849
            0.333333  0.083333  0.083333
   -5.208    3.702    5.046    5.150    8.236    9.978   10.493   10.956
            0.300000  0.075000  0.075000
   -5.310    4.022    5.192    5.322    8.304    9.829   10.258   11.027
            0.266667  0.066667  0.066667
   -5.402    4.343    5.341    5.485    8.374    9.675   10.024   11.002
            0.233333  0.058333  0.058333
   -5.483    4.662    5.492    5.637    8.446    9.523    9.794   10.863
            0.200000  0.050000  0.050000
   -5.554    4.975    5.641    5.777    8.518    9.376    9.571   10.642
            0.166667  0.041667  0.041667
   -5.614    5.278    5.786    5.902    8.586    9.237    9.363   10.388
            0.133333  0.033333  0.033333
   -5.663    5.563    5.921    6.010    8.649    9.106    9.174   10.134
            0.100000  0.025000  0.025000
   -5.701    5.819    6.040    6.098    8.702    8.985    9.012    9.909
            0.066667  0.016667  0.016667
   -5.729    6.028    6.135    6.164    8.743    8.881    8.886    9.734
            0.033333  0.008333  0.008333
   -5.745    6.168    6.196    6.204    8.769    8.806    8.806    9.624
            0.000000  0.000000  0.000000
   -5.751    6.218    6.218    6.218    8.778    8.778    8.778    9.587
